2.89200000000000E+02         74 
2.27000000000000E-05 3.75000000000000E+02 1.24394117240903E-07 8.28557619277774E-10 0
2.64700000000000E-05 3.49700000000000E+02 1.34345646620175E-07 1.77311330525444E-09 0
3.21400000000000E-05 3.24400000000000E+02 1.44297175999448E-07 5.61762065870331E-09 0
3.94900000000000E-05 3.00900000000000E+02 1.54248705378720E-07 2.05482289580888E-08 0
4.88300000000000E-05 2.79100000000000E+02 1.63578264171788E-07 4.80563419181109E-08 0
6.11000000000000E-05 2.57400000000000E+02 1.74151764137264E-07 8.28557619277774E-08 0
7.78400000000000E-05 2.41300000000000E+02 1.89079058206173E-07 1.77311330525444E-07 0
1.01500000000000E-04 2.25200000000000E+02 2.04006352275081E-07 2.80052475315888E-07 0
1.35800000000000E-04 2.10900000000000E+02 2.18933646343989E-07 3.94393426776220E-07 0
1.85700000000000E-04 1.98200000000000E+02 2.33238969826693E-07 5.23648415383553E-07 0
2.58000000000000E-04 1.85500000000000E+02 2.48788234481806E-07 6.62846095422219E-07 0
3.64000000000000E-04 1.80600000000000E+02 2.80508734378237E-07 8.65014154525996E-07 0
5.20400000000000E-04 1.75700000000000E+02 3.15961057791894E-07 1.06552509839122E-06 0
7.53300000000000E-04 1.70600000000000E+02 3.71938410550300E-07 1.18815162604433E-06 0
1.10500000000000E-03 1.65300000000000E+02 4.47818822067251E-07 1.22460816129255E-06 0
1.64000000000000E-03 1.60000000000000E+02 5.28674998273838E-07 1.24283642891666E-06 0
2.45400000000000E-03 1.60000000000000E+02 6.40629703790651E-07 1.13843816888766E-06 0
3.66800000000000E-03 1.60100000000000E+02 7.65023821031554E-07 1.01581164123455E-06 0
5.47100000000000E-03 1.61900000000000E+02 9.20516467582683E-07 8.21929158323552E-07 0
8.12200000000000E-03 1.65500000000000E+02 1.10710764344404E-06 5.68390526824553E-07 0
1.20000000000000E-02 1.69100000000000E+02 1.30613823102948E-06 3.31423047711110E-07 0
1.76000000000000E-02 1.77900000000000E+02 1.51760823033902E-06 3.03252088655665E-07 0
2.52500000000000E-02 1.86700000000000E+02 1.72907822964855E-06 3.06566319132776E-07 0
3.55200000000000E-02 1.95500000000000E+02 1.92810881723400E-06 3.77822274390665E-07 0
4.91200000000000E-02 2.04300000000000E+02 2.11469999309535E-06 5.13705723952220E-07 0
6.70000000000000E-02 2.13100000000000E+02 2.30129116895671E-06 6.62846095422219E-07 0
9.05800000000000E-02 2.21900000000000E+02 2.47544293309397E-06 9.18041842159774E-07 0
1.20800000000000E-01 2.30700000000000E+02 2.64959469723124E-06 1.18649451080577E-06 0
1.59600000000000E-01 2.38500000000000E+02 2.81130704964441E-06 1.49140371469999E-06 0
2.09100000000000E-01 2.45300000000000E+02 2.96679969619554E-06 1.82282676241110E-06 0
2.72000000000000E-01 2.52100000000000E+02 3.10985293102258E-06 2.15424981012221E-06 0
3.52700000000000E-01 2.57000000000000E+02 3.20314851895326E-06 2.46910170544777E-06 0
4.54500000000000E-01 2.61900000000000E+02 3.29022440102189E-06 2.80052475315888E-06 0
5.83400000000000E-01 2.65600000000000E+02 3.34620175378029E-06 3.29765932472554E-06 0
7.46200000000000E-01 2.68100000000000E+02 3.38973969481461E-06 3.94393426776220E-06 0
9.51000000000000E-01 2.70700000000000E+02 3.42083822412484E-06 4.63992266795553E-06 0
1.21300000000000E+00 2.70300000000000E+02 3.42083822412484E-06 5.56790720154664E-06 0
1.55400000000000E+00 2.67000000000000E+02 3.40217910653870E-06 6.77760132569219E-06 0
1.99400000000000E+00 2.62400000000000E+02 3.35242145964234E-06 8.36843195470552E-06 0
2.56900000000000E+00 2.57500000000000E+02 3.27156528343575E-06 1.03238279362011E-05 0
3.33000000000000E+00 2.52500000000000E+02 3.17204998964303E-06 1.25112200510944E-05 0
4.34100000000000E+00 2.47500000000000E+02 3.12229234274667E-06 1.40689083753366E-05 0
5.67700000000000E+00 2.42600000000000E+02 3.09119381343644E-06 1.46654698612166E-05 0
7.51800000000000E+00 2.37700000000000E+02 3.05387557826417E-06 1.42511910515777E-05 0
9.97100000000000E+00 2.32900000000000E+02 2.99789822550577E-06 1.30580680798177E-05 0
1.32000000000000E+01 2.28700000000000E+02 2.92326175516122E-06 1.15998066698888E-05 0
1.77000000000000E+01 2.24500000000000E+02 2.79886763792032E-06 1.02741144790444E-05 0
2.38700000000000E+01 2.21400000000000E+02 2.68069322654146E-06 8.79928191672996E-06 0
2.77000000000000E+01 2.20100000000000E+02 2.61227646205897E-06 7.95415314506663E-06 0
3.22000000000000E+01 2.18900000000000E+02 2.48788234481806E-06 6.62846095422219E-06 0
3.76000000000000E+01 2.17800000000000E+02 2.39458675688738E-06 5.63419181108886E-06 0
4.37000000000000E+01 2.16600000000000E+02 2.23909411033626E-06 4.80563419181109E-06 0
5.10000000000000E+01 2.15400000000000E+02 2.14579852240558E-06 3.97707657253331E-06 0
5.95000000000000E+01 2.14200000000000E+02 2.05250293447490E-06 3.31423047711110E-06 0
6.95000000000000E+01 2.12900000000000E+02 1.99030587585445E-06 2.48567285783332E-06 0
8.12000000000000E+01 2.11800000000000E+02 1.95920734654422E-06 1.65711523855555E-06 0
9.50000000000000E+01 2.10700000000000E+02 1.99030587585445E-06 1.15998066698888E-06 0
1.11000000000000E+02 2.10700000000000E+02 2.05250293447490E-06 9.94269143133329E-07 0
1.30000000000000E+02 2.10700000000000E+02 2.11469999309535E-06 8.28557619277774E-07 0
1.53000000000000E+02 2.10700000000000E+02 3.10985293102258E-06 7.29130704964441E-07 0
1.79000000000000E+02 2.10800000000000E+02 4.97576468963612E-06 4.97134571566664E-07 0
2.09000000000000E+02 2.17300000000000E+02 1.82859352344128E-05 3.69536698197887E-07 0
2.43000000000000E+02 2.23800000000000E+02 5.94603880411517E-05 2.96623627701443E-07 0
2.81000000000000E+02 2.30300000000000E+02 1.53626734792515E-04 2.15424981012221E-07 0
3.24000000000000E+02 2.36700000000000E+02 2.56873852102465E-04 1.83939791479666E-07 0
3.72000000000000E+02 2.43200000000000E+02 4.01792998688117E-04 1.51294621280122E-07 0
4.26000000000000E+02 2.49700000000000E+02 6.34409997928606E-04 1.28592142511911E-07 0
4.87000000000000E+02 2.56200000000000E+02 9.39175585168818E-04 1.06221086791411E-07 0
5.54000000000000E+02 2.62200000000000E+02 1.38699440723607E-03 9.13070496444107E-08 0
6.28000000000000E+02 2.68200000000000E+02 2.36970793343920E-03 7.98729544983774E-08 0
7.10000000000000E+02 2.74200000000000E+02 3.71938410550300E-03 6.99302630670441E-08 0
8.02000000000000E+02 2.78200000000000E+02 5.02067527445971E-03 6.11475523026997E-08 0
9.02000000000000E+02 2.81580000000000E+02 6.20000000000000E-03 5.53476489677553E-08 0
1.01300000000000E+03 2.91071600000000E+02 6.20000000000000E-03 5.00448802043775E-08 0
