1.00000000e+03 2.90000000e+02 6.20590970e+00 7.00000000e+00 0.00000000e+00
1.25000000e+01 2.90000000e+02 6.20590970e+00 7.00000000e+00 0.00000000e+00
3.75000000e+01 2.90000000e+02 6.20590970e+00 7.00000000e+00 0.00000000e+00
6.25000000e+01 2.90000000e+02 6.20590970e+00 7.00000000e+00 0.00000000e+00
8.75000000e+01 2.90000000e+02 6.20590970e+00 7.00000000e+00 0.00000000e+00
1.12500000e+02 2.90000000e+02 6.20590970e+00 7.00000000e+00 0.00000000e+00
1.37500000e+02 2.90000000e+02 6.20590970e+00 7.00000000e+00 0.00000000e+00
1.62500000e+02 2.90000000e+02 6.20590970e+00 7.00000000e+00 0.00000000e+00
1.87500000e+02 2.90000000e+02 6.20590970e+00 7.00000000e+00 0.00000000e+00
2.12500000e+02 2.90000000e+02 6.20590970e+00 7.00000000e+00 0.00000000e+00
2.37500000e+02 2.90000000e+02 6.20590970e+00 7.00000000e+00 0.00000000e+00
2.62500000e+02 2.90000000e+02 6.20590970e+00 7.00000000e+00 0.00000000e+00
2.87500000e+02 2.90000000e+02 6.20590970e+00 7.00000000e+00 0.00000000e+00
3.12500000e+02 2.90000000e+02 6.20590970e+00 7.00000000e+00 0.00000000e+00
3.37500000e+02 2.90000000e+02 6.20590970e+00 7.00000000e+00 0.00000000e+00
3.62500000e+02 2.90000000e+02 6.20590970e+00 7.00000000e+00 0.00000000e+00
3.87500000e+02 2.90000000e+02 6.20590970e+00 7.00000000e+00 0.00000000e+00
4.12875000e+02 2.90000000e+02 6.20590970e+00 7.00000000e+00 0.00000000e+00
4.39011250e+02 2.90000000e+02 6.20590970e+00 7.00000000e+00 0.00000000e+00
4.65931587e+02 2.90000000e+02 6.20590970e+00 7.00000000e+00 0.00000000e+00
4.93659535e+02 2.90000000e+02 6.20590970e+00 7.00000000e+00 0.00000000e+00
5.22219321e+02 2.90000000e+02 6.20590970e+00 7.00000000e+00 0.00000000e+00
5.51635901e+02 2.90000000e+02 6.20590970e+00 7.00000000e+00 0.00000000e+00
5.81934978e+02 2.90000000e+02 6.20590970e+00 7.00000000e+00 0.00000000e+00
6.13143027e+02 2.90000000e+02 6.20590970e+00 7.00000000e+00 0.00000000e+00
6.45287318e+02 2.90000000e+02 6.20590970e+00 7.00000000e+00 0.00000000e+00
6.78395938e+02 2.90000000e+02 6.20590970e+00 7.00000000e+00 0.00000000e+00
7.12497816e+02 2.90000000e+02 6.20590970e+00 7.00000000e+00 0.00000000e+00
7.47622750e+02 2.90000000e+02 6.20590970e+00 7.00000000e+00 0.00000000e+00
7.83801433e+02 2.90000000e+02 6.20590970e+00 7.00000000e+00 0.00000000e+00
8.21065476e+02 2.90000000e+02 6.20590970e+00 7.00000000e+00 0.00000000e+00
8.59447440e+02 2.90000000e+02 6.20590970e+00 7.00000000e+00 0.00000000e+00
8.98922033e+02 2.90000000e+02 6.20590970e+00 7.00000000e+00 0.00000000e+00
9.38922033e+02 2.90272454e+02 6.15531106e+00 7.00000000e+00 0.00000000e+00
9.78922033e+02 2.90552454e+02 6.10331106e+00 7.00000000e+00 0.00000000e+00
1.01892203e+03 2.90832454e+02 6.05131106e+00 7.00000000e+00 0.00000000e+00
1.05892203e+03 2.91112454e+02 5.99931106e+00 7.00000000e+00 0.00000000e+00
1.09892203e+03 2.91392454e+02 5.94731106e+00 7.00000000e+00 0.00000000e+00
1.13892203e+03 2.91672454e+02 5.89531106e+00 7.00000000e+00 0.00000000e+00
1.17892203e+03 2.91952454e+02 5.84331106e+00 7.00000000e+00 0.00000000e+00
1.21892203e+03 2.92232454e+02 5.79131106e+00 7.00000000e+00 0.00000000e+00
1.25892203e+03 2.92512454e+02 5.73931106e+00 7.00000000e+00 0.00000000e+00
1.29892203e+03 2.92792454e+02 5.68731106e+00 7.00000000e+00 0.00000000e+00
1.33892203e+03 2.93072454e+02 5.63531106e+00 7.00000000e+00 0.00000000e+00
1.37892203e+03 2.93352454e+02 5.58331106e+00 7.00000000e+00 0.00000000e+00
1.41892203e+03 2.93632454e+02 5.53131106e+00 7.00000000e+00 0.00000000e+00
1.45892203e+03 2.93912454e+02 5.47931106e+00 7.00000000e+00 0.00000000e+00
1.49892203e+03 2.94192454e+02 5.42731106e+00 7.00000000e+00 0.00000000e+00
