0.00000000e+00
1.00000000e+01
2.00000000e+01
3.00000000e+01
4.00000000e+01
5.00000000e+01
6.00000000e+01
7.00000000e+01
8.00000000e+01
9.00000000e+01
1.00000000e+02
1.10000000e+02
1.20000000e+02
1.30000000e+02
1.40000000e+02
1.50000000e+02
1.60000000e+02
1.70000000e+02
1.80000000e+02
1.90000000e+02
2.00000000e+02
2.10300000e+02
2.20909000e+02
2.31836270e+02
2.43091358e+02
2.54684099e+02
2.66624622e+02
2.78923360e+02
2.91591061e+02
3.04638793e+02
3.18077957e+02
3.31920296e+02
3.46177904e+02
3.60863242e+02
3.75989139e+02
3.91568813e+02
4.07615877e+02
4.25267648e+02
4.44684596e+02
4.66043239e+02
4.89537746e+02
5.15381704e+02
5.43810057e+02
5.75081246e+02
6.09479553e+02
6.47317692e+02
6.88939644e+02
7.34723792e+02
7.85086354e+02
8.40485172e+02
9.01423873e+02
9.68456443e+02
